1
Epoch 30/50
499/499 [==============================] - 510s 1s/step - loss: 0.0160 - accuracy: 0.9964 - val_loss: 0.0090 - val_accuracy: 0.9972

Epoch 00030: val_accuracy improved from 0.99661 to 0.99718, saving model to model1_valid/model1_1\cp.ckpt

acc: [0.8547506928443909, 0.955095648765564, 0.9712762832641602, 0.9793666005134583, 0.9858890175819397, 0.9861398339271545, 0.9899654984474182, 0.9888993501663208, 0.98846036195755, 0.9900282025337219, 0.991345226764679, 0.9920978546142578, 0.9924741387367249, 0.9927250146865845, 0.9938538670539856, 0.9946064352989197, 0.9941674470901489, 0.993602991104126, 0.9941047430038452, 0.9947319030761719, 0.9949827790260315, 0.9961116313934326, 0.9931640028953552, 0.9946691989898682, 0.9957353472709656, 0.9969896674156189, 0.9967387914657593, 0.9978049397468567, 0.9951081871986389, 0.9963625073432922, 0.9966133832931519, 0.9974286556243896, 0.9973659515380859]
val_acc [0.981941282749176, 0.972347617149353, 0.990406334400177, 0.9937922954559326, 0.9898419976234436, 0.9915350079536438, 0.9830699563026428, 0.993228018283844, 0.9960496425628662, 0.9954853057861328, 0.9949209690093994, 0.9937922954559326, 0.993228018283844, 0.994356632232666, 0.993228018283844, 0.9954853057861328, 0.9949209690093994, 0.9966139793395996, 0.9926636815071106, 0.9960496425628662, 0.9966139793395996, 0.9960496425628662, 0.993228018283844, 0.9954853057861328, 0.9954853057861328, 0.9960496425628662, 0.9954853057861328, 0.9960496425628662, 0.9966139793395996, 0.997178316116333, 0.9949209690093994, 0.9954853057861328, 0.9892776608467102]
              precision    recall  f1-score   support

           0       1.00      0.99      0.99       570
           1       1.00      1.00      1.00       998
           2       1.00      1.00      1.00       400

    accuracy                           1.00      1968
   macro avg       1.00      1.00      1.00      1968
weighted avg       1.00      1.00      1.00      1968

[[566   3   1]
 [  2 996   0]
 [  0   0 400]]
0.9999639630137468
0.9999528387317981


2
Epoch 32/50
499/499 [==============================] - 512s 1s/step - loss: 0.0211 - accuracy: 0.9939 - val_loss: 0.0414 - val_accuracy: 0.9949

Epoch 00032: val_accuracy improved from 0.99436 to 0.99492, saving model to model1_valid/model1_2\cp.ckpt
acc: [0.8001254200935364, 0.9048604369163513, 0.9475697875022888, 0.9596738815307617, 0.9645656943321228, 0.9677641987800598, 0.9732204675674438, 0.9783003926277161, 0.9818751811981201, 0.9828159213066101, 0.9842584133148193, 0.9878959059715271, 0.9859517216682434, 0.9876450300216675, 0.9880213141441345, 0.9875823259353638, 0.9898400902748108, 0.9883348941802979, 0.9907180666923523, 0.9885857701301575, 0.9873941540718079, 0.9899654984474182, 0.9905299544334412, 0.992662250995636, 0.9924114346504211, 0.9928504228591919, 0.9917215704917908, 0.9952335953712463, 0.9935402870178223, 0.993979275226593, 0.9948573112487793, 0.9938538670539856, 0.9941674470901489]
val_acc [0.9661399722099304, 0.9836342930793762, 0.98758465051651, 0.9920993447303772, 0.9920993447303772, 0.9898419976234436, 0.9926636815071106, 0.9825056195259094, 0.990406334400177, 0.9937922954559326, 0.9937922954559326, 0.993228018283844, 0.9926636815071106, 0.993228018283844, 0.994356632232666, 0.9915350079536438, 0.9909706711769104, 0.9926636815071106, 0.9920993447303772, 0.9887133240699768, 0.9915350079536438, 0.9937922954559326, 0.9937922954559326, 0.994356632232666, 0.993228018283844, 0.98758465051651, 0.9937922954559326, 0.9937922954559326, 0.9892776608467102, 0.9937922954559326, 0.9909706711769104, 0.9949209690093994, 0.993228018283844]
              precision    recall  f1-score   support

           0       1.00      0.99      0.99       570
           1       1.00      1.00      1.00       998
           2       1.00      1.00      1.00       400

    accuracy                           1.00      1968
   macro avg       1.00      1.00      1.00      1968
weighted avg       1.00      1.00      1.00      1968

[[566   2   2]
 [  2 996   0]
 [  0   1 399]]
0.9997991406790189
0.9997693148701536


3
Epoch 00016: val_accuracy did not improve from 0.99661
Epoch 17/50
499/499 [==============================] - 517s 1s/step - loss: 0.0110 - accuracy: 0.9964 - val_loss: 0.0159 - val_accuracy: 0.9966
acc: [0.8795233368873596, 0.9585449695587158, 0.9726560115814209, 0.976042628288269, 0.9825023412704468, 0.984885573387146, 0.9892129302024841, 0.9915333986282349, 0.9903417825698853, 0.9914079904556274, 0.9908435344696045, 0.9944183230400085, 0.994543731212616, 0.9924741387367249, 0.9938538670539856, 0.9937911629676819, 0.9963625073432922, 0.9947946071624756, 0.9954217672348022, 0.9955471754074097, 0.9957353472709656, 0.9957353472709656]
val_acc [0.96275395154953, 0.9881489872932434, 0.9898419976234436, 0.9909706711769104, 0.98758465051651, 0.9954853057861328, 0.9954853057861328, 0.9920993447303772, 0.9966139793395996, 0.9926636815071106, 0.9853273034095764, 0.9954853057861328, 0.993228018283844, 0.990406334400177, 0.9920993447303772, 0.9915350079536438, 0.9966139793395996, 0.9954853057861328, 0.9954853057861328, 0.9960496425628662, 0.994356632232666, 0.9949209690093994]
              precision    recall  f1-score   support

           0       0.99      0.99      0.99       570
           1       1.00      0.99      1.00       998
           2       1.00      1.00      1.00       400

    accuracy                           1.00      1968
   macro avg       1.00      1.00      1.00      1968
weighted avg       1.00      1.00      1.00      1968

[[566   3   1]
 [  5 993   0]
 [  0   0 400]]
0.9998788395504459
0.999870999537145


4
Epoch 00019: val_accuracy did not improve from 0.99661
Epoch 20/50
499/499 [==============================] - 490s 982ms/step - loss: 0.0212 - accuracy: 0.9930 - val_loss: 0.0136 - val_accuracy: 0.9966
acc: [0.7214800715446472, 0.8959548473358154, 0.9441204071044922, 0.9581686854362488, 0.9690185189247131, 0.977547824382782, 0.980746328830719, 0.9826905131340027, 0.9821887612342834, 0.9878959059715271, 0.9880213141441345, 0.9902790784835815, 0.9897773861885071, 0.9903417825698853, 0.9930385947227478, 0.9907180666923523, 0.9902163743972778, 0.9924741387367249, 0.9900282025337219, 0.9930385947227478]
val_acc [0.9633182883262634, 0.9836342930793762, 0.9892776608467102, 0.993228018283844, 0.990406334400177, 0.9920993447303772, 0.9949209690093994, 0.9949209690093994, 0.9937922954559326, 0.9887133240699768, 0.9966139793395996, 0.9966139793395996, 0.9497742652893066, 0.9960496425628662, 0.9960496425628662, 0.9926636815071106, 0.9966139793395996, 0.9937922954559326, 0.9949209690093994, 0.9966139793395996]
              precision    recall  f1-score   support

           0       1.00      0.99      1.00       570
           1       1.00      1.00      1.00       998
           2       1.00      1.00      1.00       400

    accuracy                           1.00      1968
   macro avg       1.00      1.00      1.00      1968
weighted avg       1.00      1.00      1.00      1968

[[565   4   1]
 [  0 998   0]
 [  0   0 400]]
0.9999944333110666
0.9999927179332556

5
Epoch 00015: val_accuracy did not improve from 0.99774
Epoch 16/50
499/499 [==============================] - 492s 987ms/step - loss: 0.0149 - accuracy: 0.9952 - val_loss: 0.0030 - val_accuracy: 0.9989

Epoch 00016: val_accuracy improved from 0.99774 to 0.99887, saving model to model1_valid/model1_5\cp.ckpt
acc: [0.8831608891487122, 0.9598620533943176, 0.9727187156677246, 0.9796801209449768, 0.9838820695877075, 0.9868296980857849, 0.9888993501663208, 0.9905926585197449, 0.9905926585197449, 0.9918469786643982, 0.9915333986282349, 0.9935402870178223, 0.9938538670539856, 0.9942928552627563, 0.9944810271263123, 0.9951708912849426, 0.9942928552627563, 0.9952963590621948, 0.9953590631484985, 0.9956098794937134, 0.9969896674156189, 0.9979304075241089, 0.9947319030761719, 0.9952335953712463, 0.996801495552063, 0.9950454831123352, 0.996801495552063]
val_acc [0.9825056195259094, 0.9870203137397766, 0.9954853057861328, 0.9757336378097534, 0.9898419976234436, 0.9734762907028198, 0.9864559769630432, 0.997178316116333, 0.9977426528930664, 0.9949209690093994, 0.997178316116333, 0.9960496425628662, 0.9966139793395996, 0.9977426528930664, 0.9977426528930664, 0.9988713264465332, 0.9977426528930664, 0.9977426528930664, 0.9926636815071106, 0.9983069896697998, 0.997178316116333, 0.997178316116333, 0.993228018283844, 0.997178316116333, 0.997178316116333, 0.9977426528930664, 0.997178316116333]
              precision    recall  f1-score   support

           0       0.99      0.99      0.99       570
           1       1.00      1.00      1.00       998
           2       1.00      1.00      1.00       400

    accuracy                           1.00      1968
   macro avg       1.00      1.00      1.00      1968
weighted avg       1.00      1.00      1.00      1968

[[566   4   0]
 [  4 994   0]
 [  0   0 400]]
0.999954593397321
0.9999480665162195


6
Epoch 21/50
499/499 [==============================] - 492s 987ms/step - loss: 0.0307 - accuracy: 0.9909 - val_loss: 0.0302 - val_accuracy: 0.9977

Epoch 00021: val_accuracy improved from 0.99718 to 0.99774, saving model to model1_valid/model1_6\cp.ckpt
acc: [0.8006898760795593, 0.9138914942741394, 0.9540295004844666, 0.9642521142959595, 0.9759799242019653, 0.9782376885414124, 0.9826905131340027, 0.9840075373649597, 0.9838820695877075, 0.9850736856460571, 0.9874568581581116, 0.9880840182304382, 0.9870805740356445, 0.9879586100578308, 0.990404486656189, 0.9896519184112549, 0.9919723868370056, 0.9929758310317993, 0.9928504228591919, 0.9922232627868652, 0.9909062385559082, 0.9920978546142578, 0.9923486709594727]
val_acc [0.97516930103302, 0.98758465051651, 0.9920993447303772, 0.9937922954559326, 0.9898419976234436, 0.993228018283844, 0.9954853057861328, 0.9926636815071106, 0.994356632232666, 0.9954853057861328, 0.993228018283844, 0.9926636815071106, 0.993228018283844, 0.993228018283844, 0.9949209690093994, 0.9915350079536438, 0.9954853057861328, 0.994356632232666, 0.993228018283844, 0.997178316116333, 0.9977426528930664, 0.997178316116333, 0.9977426528930664]
              precision    recall  f1-score   support

           0       1.00      0.99      0.99       570
           1       1.00      1.00      1.00       998
           2       1.00      1.00      1.00       400

    accuracy                           1.00      1968
   macro avg       1.00      1.00      1.00      1968
weighted avg       1.00      1.00      1.00      1968

[[564   4   2]
 [  1 997   0]
 [  0   0 400]]
0.9999729327075203
0.99996882423629

7
Epoch 18/50
499/499 [==============================] - 491s 984ms/step - loss: 0.0152 - accuracy: 0.9962 - val_loss: 0.0450 - val_accuracy: 0.9955
acc: [0.8694888949394226, 0.939793050289154, 0.9665725827217102, 0.9767952561378479, 0.9846346974372864, 0.9845719933509827, 0.983944833278656, 0.9883975982666016, 0.9897146224975586, 0.9907180666923523, 0.9914706945419312, 0.9900282025337219, 0.9941047430038452, 0.993979275226593, 0.9921605587005615, 0.994543731212616, 0.996801495552063, 0.9961743354797363, 0.9939165711402893, 0.9954217672348022, 0.9951708912849426, 0.9966760873794556]
val_acc [0.9802483320236206, 0.9858916401863098, 0.9920993447303772, 0.9892776608467102, 0.993228018283844, 0.9920993447303772, 0.9915350079536438, 0.9920993447303772, 0.9909706711769104, 0.9920993447303772, 0.9926636815071106, 0.9937922954559326, 0.993228018283844, 0.9920993447303772, 0.997178316116333, 0.9954853057861328, 0.9937922954559326, 0.9954853057861328, 0.9937922954559326, 0.9960496425628662, 0.994356632232666, 0.9966139793395996]
              precision    recall  f1-score   support

           0       0.99      0.99      0.99       570
           1       1.00      0.99      0.99       998
           2       1.00      1.00      1.00       400

    accuracy                           0.99      1968
   macro avg       0.99      0.99      0.99      1968
weighted avg       0.99      0.99      0.99      1968

[[564   4   2]
 [  6 992   0]
 [  0   0 400]]
0.9999358951821772
0.9999245981918611

8
Epoch 29/50
499/499 [==============================] - 490s 982ms/step - loss: 0.0157 - accuracy: 0.9969 - val_loss: 0.0207 - val_accuracy: 0.9972
acc: [0.8452276587486267, 0.9422425627708435, 0.9594882726669312, 0.9655712842941284, 0.9730967283248901, 0.9774864912033081, 0.9794305562973022, 0.983444094657898, 0.9842593669891357, 0.9896525740623474, 0.9901542663574219, 0.9920356273651123, 0.9899661540985107, 0.9932898283004761, 0.9926627278327942, 0.9949203729629517, 0.9929763078689575, 0.994293212890625, 0.9928508996963501, 0.9936034083366394, 0.9950457811355591, 0.993854284286499, 0.9957355856895447, 0.9957355856895447, 0.9921610355377197, 0.9968644380569458, 0.9958610534667969, 0.9954220652580261, 0.9969271421432495, 0.9963000416755676, 0.9951084852218628, 0.9956101775169373, 0.9958610534667969, 0.9968017339706421]
val_acc [0.9796724915504456, 0.978543221950531, 0.9937888383865356, 0.9937888383865356, 0.9723320007324219, 0.9966120719909668, 0.9949181079864502, 0.9960474371910095, 0.9971767067909241, 0.9949181079864502, 0.9971767067909241, 0.9954828023910522, 0.9932241439819336, 0.9966120719909668, 0.9949181079864502, 0.9960474371910095, 0.9954828023910522, 0.9960474371910095, 0.9966120719909668, 0.9949181079864502, 0.9943534731864929, 0.9960474371910095, 0.9949181079864502, 0.992094874382019, 0.9977414011955261, 0.9960474371910095, 0.9949181079864502, 0.9971767067909241, 0.9971767067909241, 0.9949181079864502, 0.9960474371910095, 0.9977414011955261, 0.9960474371910095, 0.9943534731864929]
              precision    recall  f1-score   support

           0       0.99      0.99      0.99       570
           1       1.00      0.99      1.00       998
           2       1.00      1.00      1.00       400

    accuracy                           1.00      1968
   macro avg       1.00      1.00      1.00      1968
weighted avg       1.00      1.00      1.00      1968

[[567   3   0]
 [  6 992   0]
 [  0   0 400]]
0.999967043736596
0.9999587064848189

9
Epoch 29/50
499/499 [==============================] - 491s 984ms/step - loss: 0.0096 - accuracy: 0.9971 - val_loss: 0.0200 - val_accuracy: 0.9966
acc: [0.8639784455299377, 0.9566035270690918, 0.9702746868133545, 0.9752916097640991, 0.9828169941902161, 0.9855136275291443, 0.9882102012634277, 0.9893389940261841, 0.990906834602356, 0.9887118935585022, 0.9920356273651123, 0.994293212890625, 0.9934152960777283, 0.9912203550338745, 0.994293212890625, 0.9945440888404846, 0.9946067929267883, 0.9950457811355591, 0.9953593611717224, 0.9957355856895447, 0.9954220652580261, 0.9947322010993958, 0.9958610534667969, 0.9967389702796936, 0.9951084852218628, 0.9973034262657166, 0.9955474734306335, 0.995672881603241, 0.9971152544021606, 0.9961745738983154, 0.9963000416755676]
val_acc [0.9824957847595215, 0.9887069463729858, 0.9282891154289246, 0.9824957847595215, 0.9949181079864502, 0.9943534731864929, 0.9949181079864502, 0.9966120719909668, 0.9954828023910522, 0.9960474371910095, 0.9847543835639954, 0.9977414011955261, 0.9971767067909241, 0.9971767067909241, 0.9954828023910522, 0.9937888383865356, 0.9954828023910522, 0.9966120719909668, 0.9971767067909241, 0.9977414011955261, 0.9960474371910095, 0.9932241439819336, 0.9937888383865356, 0.9943534731864929, 0.9960474371910095, 0.9960474371910095, 0.9960474371910095, 0.9960474371910095, 0.9966120719909668, 0.9966120719909668, 0.9954828023910522]
              precision    recall  f1-score   support

           0       0.99      1.00      1.00       570
           1       1.00      1.00      1.00       998
           2       1.00      1.00      1.00       400

    accuracy                           1.00      1968
   macro avg       1.00      1.00      1.00      1968
weighted avg       1.00      1.00      1.00      1968

[[568   2   0]
 [  3 995   0]
 [  0   1 399]]
0.9999670979385673
0.9999640719898669

10399/499 [======================>.......] - ETA: 1:29 - loss: 0.0214 - accuracy: 0.9954
499/499 [==============================] - 489s 981ms/step - loss: 0.0212 - accuracy: 0.9953 - val_loss: 0.0198 - val_accuracy: 0.9983

Epoch 00019: val_accuracy improved from 0.99718 to 0.99831, saving model to model1_valid/model1_10\cp.ckpt
acc: [0.8479242324829102, 0.9353442788124084, 0.9546594619750977, 0.9669509530067444, 0.9756678938865662, 0.98024582862854, 0.9794305562973022, 0.9860780239105225, 0.9874576926231384, 0.9879593849182129, 0.9870187044143677, 0.9925373196601868, 0.9929136037826538, 0.9934152960777283, 0.992098331451416, 0.9932271242141724, 0.9905932545661926, 0.9939796924591064, 0.9952965974807739, 0.9946067929267883, 0.9936661124229431, 0.9905932545661926, 0.9939796924591064, 0.9947949051856995]
val_acc [0.9858836531639099, 0.9909655451774597, 0.9943534731864929, 0.9870129823684692, 0.9943534731864929, 0.9904009103775024, 0.9943534731864929, 0.9943534731864929, 0.9943534731864929, 0.986448347568512, 0.9971767067909241, 0.9937888383865356, 0.9937888383865356, 0.9932241439819336, 0.9909655451774597, 0.9971767067909241, 0.992094874382019, 0.9966120719909668, 0.9983060359954834, 0.9983060359954834, 0.8339921236038208, 0.9966120719909668, 0.9983060359954834, 0.9977414011955261]
              precision    recall  f1-score   support

           0       0.99      1.00      0.99       570
           1       1.00      0.99      1.00       998
           2       1.00      1.00      1.00       400

    accuracy                           1.00      1968
   macro avg       1.00      1.00      1.00      1968
weighted avg       1.00      1.00      1.00      1968

[[569   1   0]
 [  6 992   0]
 [  0   0 400]]
0.9997216948516917
0.9996556755531077